N_LOCAL: 40.000038 0.000038 0.000038 0.000038 0.000038 0.000038 0.000038 0.000038 
0.000038 0.000038 0.000038 0.000038 0.000038 0.000038 0.000038 0.000038 
0.000038 0.000038 0.000038 0.000038 0.000038 0.000038 0.000038 0.000038 
0.000038 0.000038 0.000038 0.000038 0.000038 0.000038 0.000038 0.000038 
----------------------------------------------------------
Error en iteración 0: 0.0003
0.000056 0.000066 0.000066 0.000066 0.000066 0.000066 0.000066 0.000056 
0.000066 0.000075 0.000075 0.000075 0.000075 0.000075 0.000075 0.000066 
0.000066 0.000075 0.000075 0.000075 0.000075 0.000075 0.000075 0.000066 
0.000066 0.000075 0.000075 0.000075 0.000075 0.000075 0.000075 0.000066 
----------------------------------------------------------
Error en iteración 1: 0.000266488
0.000070 0.000087 0.000089 0.000089 0.000089 0.000089 0.000087 0.000070 
0.000087 0.000108 0.000110 0.000110 0.000110 0.000110 0.000108 0.000087 
0.000089 0.000110 0.000112 0.000112 0.000112 0.000112 0.000110 0.000089 
0.000089 0.000110 0.000112 0.000112 0.000112 0.000112 0.000110 0.000089 
----------------------------------------------------------
Error en iteración 2: 0.00024438
0.000081 0.000104 0.000109 0.000110 0.000110 0.000109 0.000104 0.000081 
0.000104 0.000136 0.000142 0.000143 0.000143 0.000142 0.000136 0.000104 
0.000109 0.000142 0.000149 0.000149 0.000149 0.000149 0.000142 0.000109 
0.000110 0.000143 0.000149 0.000150 0.000150 0.000149 0.000143 0.000110 
----------------------------------------------------------
Error en iteración 3: 0.0002266
0.000090 0.000119 0.000127 0.000128 0.000128 0.000127 0.000119 0.000090 
0.000119 0.000161 0.000172 0.000174 0.000174 0.000172 0.000161 0.000119 
0.000127 0.000172 0.000183 0.000185 0.000185 0.000183 0.000172 0.000127 
0.000128 0.000174 0.000185 0.000187 0.000187 0.000185 0.000174 0.000128 
----------------------------------------------------------
Error en iteración 4: 0.000211298
0.000097 0.000132 0.000142 0.000145 0.000145 0.000142 0.000132 0.000097 
0.000132 0.000183 0.000199 0.000202 0.000202 0.000199 0.000183 0.000132 
0.000142 0.000199 0.000216 0.000220 0.000220 0.000216 0.000199 0.000142 
0.000145 0.000202 0.000220 0.000224 0.000224 0.000220 0.000202 0.000145 
----------------------------------------------------------
Error en iteración 5: 0.000197659
0.000103 0.000143 0.000156 0.000160 0.000160 0.000156 0.000143 0.000103 
0.000143 0.000203 0.000223 0.000229 0.000229 0.000223 0.000203 0.000143 
0.000156 0.000223 0.000247 0.000253 0.000253 0.000247 0.000223 0.000156 
0.000160 0.000229 0.000253 0.000259 0.000259 0.000253 0.000229 0.000160 
----------------------------------------------------------
Error en iteración 6: 0.000185245
0.000109 0.000153 0.000169 0.000174 0.000174 0.000169 0.000153 0.000109 
0.000153 0.000221 0.000246 0.000254 0.000254 0.000246 0.000221 0.000153 
0.000169 0.000246 0.000276 0.000284 0.000284 0.000276 0.000246 0.000169 
0.000174 0.000254 0.000284 0.000294 0.000294 0.000284 0.000254 0.000174 
----------------------------------------------------------
Error en iteración 7: 0.0001738
0.000114 0.000162 0.000181 0.000187 0.000187 0.000181 0.000162 0.000114 
0.000162 0.000237 0.000267 0.000277 0.000277 0.000267 0.000237 0.000162 
0.000181 0.000267 0.000303 0.000314 0.000314 0.000303 0.000267 0.000181 
0.000187 0.000277 0.000314 0.000327 0.000327 0.000314 0.000277 0.000187 
----------------------------------------------------------
Error en iteración 8: 0.000163169
0.000119 0.000170 0.000191 0.000199 0.000199 0.000191 0.000170 0.000119 
0.000170 0.000252 0.000287 0.000299 0.000299 0.000287 0.000252 0.000170 
0.000191 0.000287 0.000328 0.000343 0.000343 0.000328 0.000287 0.000191 
0.000199 0.000299 0.000343 0.000358 0.000358 0.000343 0.000299 0.000199 
----------------------------------------------------------
Error en iteración 9: 0.000153245
0.000123 0.000178 0.000201 0.000210 0.000210 0.000201 0.000178 0.000123 
0.000178 0.000266 0.000305 0.000319 0.000319 0.000305 0.000266 0.000178 
0.000201 0.000305 0.000352 0.000369 0.000369 0.000352 0.000305 0.000201 
0.000210 0.000319 0.000369 0.000388 0.000388 0.000369 0.000319 0.000210 
----------------------------------------------------------
Error en iteración 10: 0.000143958
0.000127 0.000185 0.000211 0.000220 0.000220 0.000211 0.000185 0.000127 
0.000185 0.000279 0.000322 0.000338 0.000338 0.000322 0.000279 0.000185 
0.000211 0.000322 0.000375 0.000395 0.000395 0.000375 0.000322 0.000211 
0.000220 0.000338 0.000395 0.000416 0.000416 0.000395 0.000338 0.000220 
----------------------------------------------------------
Error en iteración 11: 0.000135251
0.000130 0.000192 0.000219 0.000230 0.000230 0.000219 0.000192 0.000130 
0.000192 0.000291 0.000338 0.000356 0.000356 0.000338 0.000291 0.000192 
0.000219 0.000338 0.000396 0.000418 0.000418 0.000396 0.000338 0.000219 
0.000230 0.000356 0.000418 0.000443 0.000443 0.000418 0.000356 0.000230 
----------------------------------------------------------
Error en iteración 12: 0.00012708
0.000133 0.000198 0.000227 0.000239 0.000239 0.000227 0.000198 0.000133 
0.000198 0.000302 0.000353 0.000373 0.000373 0.000353 0.000302 0.000198 
0.000227 0.000353 0.000416 0.000441 0.000441 0.000416 0.000353 0.000227 
0.000239 0.000373 0.000441 0.000468 0.000468 0.000441 0.000373 0.000239 
----------------------------------------------------------
Error en iteración 13: 0.000119409
0.000136 0.000203 0.000235 0.000247 0.000247 0.000235 0.000203 0.000136 
0.000203 0.000313 0.000367 0.000389 0.000389 0.000367 0.000313 0.000203 
0.000235 0.000367 0.000435 0.000462 0.000462 0.000435 0.000367 0.000235 
0.000247 0.000389 0.000462 0.000492 0.000492 0.000462 0.000389 0.000247 
----------------------------------------------------------
Error en iteración 14: 0.000112203
0.000139 0.000209 0.000242 0.000255 0.000255 0.000242 0.000209 0.000139 
0.000209 0.000323 0.000380 0.000404 0.000404 0.000380 0.000323 0.000209 
0.000242 0.000380 0.000452 0.000482 0.000482 0.000452 0.000380 0.000242 
0.000255 0.000404 0.000482 0.000515 0.000515 0.000482 0.000404 0.000255 
----------------------------------------------------------
Error en iteración 15: 0.000105434
0.000142 0.000213 0.000249 0.000263 0.000263 0.000249 0.000213 0.000142 
0.000213 0.000332 0.000393 0.000418 0.000418 0.000393 0.000332 0.000213 
0.000249 0.000393 0.000469 0.000501 0.000501 0.000469 0.000393 0.000249 
0.000263 0.000418 0.000501 0.000536 0.000536 0.000501 0.000418 0.000263 
----------------------------------------------------------
Error en iteración 16: 9.90746e-05
0.000144 0.000218 0.000255 0.000270 0.000270 0.000255 0.000218 0.000144 
0.000218 0.000341 0.000404 0.000431 0.000431 0.000404 0.000341 0.000218 
0.000255 0.000404 0.000484 0.000518 0.000518 0.000484 0.000404 0.000255 
0.000270 0.000431 0.000518 0.000556 0.000556 0.000518 0.000431 0.000270 
----------------------------------------------------------
Error en iteración 17: 9.3099e-05
0.000147 0.000222 0.000261 0.000276 0.000276 0.000261 0.000222 0.000147 
0.000222 0.000349 0.000415 0.000443 0.000443 0.000415 0.000349 0.000222 
0.000261 0.000415 0.000499 0.000535 0.000535 0.000499 0.000415 0.000261 
0.000276 0.000443 0.000535 0.000574 0.000574 0.000535 0.000443 0.000276 
----------------------------------------------------------
Error en iteración 18: 8.7484e-05
0.000149 0.000226 0.000266 0.000283 0.000283 0.000266 0.000226 0.000149 
0.000226 0.000356 0.000425 0.000455 0.000455 0.000425 0.000356 0.000226 
0.000266 0.000425 0.000512 0.000550 0.000550 0.000512 0.000425 0.000266 
0.000283 0.000455 0.000550 0.000592 0.000592 0.000550 0.000455 0.000283 
----------------------------------------------------------
Error en iteración 19: 8.22079e-05
0.000151 0.000230 0.000271 0.000288 0.000288 0.000271 0.000230 0.000151 
0.000230 0.000363 0.000435 0.000466 0.000466 0.000435 0.000363 0.000230 
0.000271 0.000435 0.000525 0.000565 0.000565 0.000525 0.000435 0.000271 
0.000288 0.000466 0.000565 0.000609 0.000609 0.000565 0.000466 0.000288 
----------------------------------------------------------
Error en iteración 20: 7.725e-05
0.000153 0.000234 0.000276 0.000294 0.000294 0.000276 0.000234 0.000153 
0.000234 0.000370 0.000444 0.000476 0.000476 0.000444 0.000370 0.000234 
0.000276 0.000444 0.000537 0.000579 0.000579 0.000537 0.000444 0.000276 
0.000294 0.000476 0.000579 0.000624 0.000624 0.000579 0.000476 0.000294 
----------------------------------------------------------
Error en iteración 21: 7.25912e-05
0.000154 0.000237 0.000280 0.000299 0.000299 0.000280 0.000237 0.000154 
0.000237 0.000376 0.000452 0.000486 0.000486 0.000452 0.000376 0.000237 
0.000280 0.000452 0.000549 0.000592 0.000592 0.000549 0.000452 0.000280 
0.000299 0.000486 0.000592 0.000639 0.000639 0.000592 0.000486 0.000299 
----------------------------------------------------------
Error en iteración 22: 6.82134e-05
0.000156 0.000240 0.000285 0.000304 0.000304 0.000285 0.000240 0.000156 
0.000240 0.000382 0.000460 0.000495 0.000495 0.000460 0.000382 0.000240 
0.000285 0.000460 0.000559 0.000604 0.000604 0.000559 0.000460 0.000285 
0.000304 0.000495 0.000604 0.000653 0.000653 0.000604 0.000495 0.000304 
----------------------------------------------------------
Error en iteración 23: 6.40996e-05
0.000158 0.000243 0.000289 0.000308 0.000308 0.000289 0.000243 0.000158 
0.000243 0.000388 0.000468 0.000503 0.000503 0.000468 0.000388 0.000243 
0.000289 0.000468 0.000570 0.000615 0.000615 0.000570 0.000468 0.000289 
0.000308 0.000503 0.000615 0.000666 0.000666 0.000615 0.000503 0.000308 
----------------------------------------------------------
Error en iteración 24: 6.02339e-05
0.000159 0.000246 0.000292 0.000312 0.000312 0.000292 0.000246 0.000159 
0.000246 0.000393 0.000475 0.000511 0.000511 0.000475 0.000393 0.000246 
0.000292 0.000475 0.000579 0.000626 0.000626 0.000579 0.000475 0.000292 
0.000312 0.000511 0.000626 0.000678 0.000678 0.000626 0.000511 0.000312 
----------------------------------------------------------
Error en iteración 25: 5.66013e-05
0.000160 0.000249 0.000296 0.000316 0.000316 0.000296 0.000249 0.000160 
0.000249 0.000398 0.000481 0.000519 0.000519 0.000481 0.000398 0.000249 
0.000296 0.000481 0.000588 0.000636 0.000636 0.000588 0.000481 0.000296 
0.000316 0.000519 0.000636 0.000689 0.000689 0.000636 0.000519 0.000316 
----------------------------------------------------------
Error en iteración 26: 5.31879e-05
0.000162 0.000251 0.000299 0.000320 0.000320 0.000299 0.000251 0.000162 
0.000251 0.000402 0.000488 0.000526 0.000526 0.000488 0.000402 0.000251 
0.000299 0.000488 0.000596 0.000645 0.000645 0.000596 0.000488 0.000299 
0.000320 0.000526 0.000645 0.000700 0.000700 0.000645 0.000526 0.000320 
----------------------------------------------------------
Error en iteración 27: 4.99802e-05
0.000163 0.000253 0.000302 0.000324 0.000324 0.000302 0.000253 0.000163 
0.000253 0.000407 0.000493 0.000532 0.000532 0.000493 0.000407 0.000253 
0.000302 0.000493 0.000604 0.000654 0.000654 0.000604 0.000493 0.000302 
0.000324 0.000532 0.000654 0.000710 0.000710 0.000654 0.000532 0.000324 
----------------------------------------------------------
Error en iteración 28: 4.69661e-05
0.000164 0.000255 0.000305 0.000327 0.000327 0.000305 0.000255 0.000164 
0.000255 0.000411 0.000499 0.000538 0.000538 0.000499 0.000411 0.000255 
0.000305 0.000499 0.000611 0.000663 0.000663 0.000611 0.000499 0.000305 
0.000327 0.000538 0.000663 0.000720 0.000720 0.000663 0.000538 0.000327 
----------------------------------------------------------
Error en iteración 29: 4.41337e-05
0.000165 0.000258 0.000308 0.000330 0.000330 0.000308 0.000258 0.000165 
0.000258 0.000415 0.000504 0.000544 0.000544 0.000504 0.000415 0.000258 
0.000308 0.000504 0.000618 0.000671 0.000671 0.000618 0.000504 0.000308 
0.000330 0.000544 0.000671 0.000729 0.000729 0.000671 0.000544 0.000330 
----------------------------------------------------------
Error en iteración 30: 4.14721e-05
0.000166 0.000259 0.000310 0.000333 0.000333 0.000310 0.000259 0.000166 
0.000259 0.000418 0.000509 0.000550 0.000550 0.000509 0.000418 0.000259 
0.000310 0.000509 0.000625 0.000678 0.000678 0.000625 0.000509 0.000310 
0.000333 0.000550 0.000678 0.000737 0.000737 0.000678 0.000550 0.000333 
----------------------------------------------------------
Error en iteración 31: 3.8971e-05
0.000167 0.000261 0.000313 0.000336 0.000336 0.000313 0.000261 0.000167 
0.000261 0.000422 0.000513 0.000555 0.000555 0.000513 0.000422 0.000261 
0.000313 0.000513 0.000631 0.000685 0.000685 0.000631 0.000513 0.000313 
0.000336 0.000555 0.000685 0.000745 0.000745 0.000685 0.000555 0.000336 
----------------------------------------------------------
Error en iteración 32: 3.66208e-05
0.000168 0.000263 0.000315 0.000338 0.000338 0.000315 0.000263 0.000168 
0.000263 0.000425 0.000518 0.000560 0.000560 0.000518 0.000425 0.000263 
0.000315 0.000518 0.000637 0.000691 0.000691 0.000637 0.000518 0.000315 
0.000338 0.000560 0.000691 0.000752 0.000752 0.000691 0.000560 0.000338 
----------------------------------------------------------
Error en iteración 33: 3.44123e-05
0.000169 0.000264 0.000317 0.000341 0.000341 0.000317 0.000264 0.000169 
0.000264 0.000428 0.000522 0.000564 0.000564 0.000522 0.000428 0.000264 
0.000317 0.000522 0.000642 0.000698 0.000698 0.000642 0.000522 0.000317 
0.000341 0.000564 0.000698 0.000759 0.000759 0.000698 0.000564 0.000341 
----------------------------------------------------------
Error en iteración 34: 3.23369e-05
0.000170 0.000266 0.000319 0.000343 0.000343 0.000319 0.000266 0.000170 
0.000266 0.000430 0.000525 0.000569 0.000569 0.000525 0.000430 0.000266 
0.000319 0.000525 0.000647 0.000703 0.000703 0.000647 0.000525 0.000319 
0.000343 0.000569 0.000703 0.000766 0.000766 0.000703 0.000569 0.000343 
----------------------------------------------------------
Error en iteración 35: 3.03868e-05
0.000170 0.000267 0.000321 0.000345 0.000345 0.000321 0.000267 0.000170 
0.000267 0.000433 0.000529 0.000573 0.000573 0.000529 0.000433 0.000267 
0.000321 0.000529 0.000652 0.000709 0.000709 0.000652 0.000529 0.000321 
0.000345 0.000573 0.000709 0.000772 0.000772 0.000709 0.000573 0.000345 
----------------------------------------------------------
Error en iteración 36: 2.85542e-05
0.000171 0.000269 0.000323 0.000347 0.000347 0.000323 0.000269 0.000171 
0.000269 0.000436 0.000532 0.000576 0.000576 0.000532 0.000436 0.000269 
0.000323 0.000532 0.000656 0.000714 0.000714 0.000656 0.000532 0.000323 
0.000347 0.000576 0.000714 0.000778 0.000778 0.000714 0.000576 0.000347 
----------------------------------------------------------
Error en iteración 37: 2.68322e-05
0.000172 0.000270 0.000325 0.000349 0.000349 0.000325 0.000270 0.000172 
0.000270 0.000438 0.000535 0.000580 0.000580 0.000535 0.000438 0.000270 
0.000325 0.000535 0.000660 0.000719 0.000719 0.000660 0.000535 0.000325 
0.000349 0.000580 0.000719 0.000783 0.000783 0.000719 0.000580 0.000349 
----------------------------------------------------------
Error en iteración 38: 2.5214e-05
0.000172 0.000271 0.000326 0.000351 0.000351 0.000326 0.000271 0.000172 
0.000271 0.000440 0.000538 0.000583 0.000583 0.000538 0.000440 0.000271 
0.000326 0.000538 0.000664 0.000723 0.000723 0.000664 0.000538 0.000326 
0.000351 0.000583 0.000723 0.000788 0.000788 0.000723 0.000583 0.000351 
----------------------------------------------------------
Error en iteración 39: 2.36934e-05
0.000173 0.000272 0.000328 0.000353 0.000353 0.000328 0.000272 0.000173 
0.000272 0.000442 0.000541 0.000586 0.000586 0.000541 0.000442 0.000272 
0.000328 0.000541 0.000668 0.000727 0.000727 0.000668 0.000541 0.000328 
0.000353 0.000586 0.000727 0.000793 0.000793 0.000727 0.000586 0.000353 
----------------------------------------------------------
Error en iteración 40: 2.22645e-05
0.000174 0.000273 0.000329 0.000354 0.000354 0.000329 0.000273 0.000174 
0.000273 0.000444 0.000544 0.000589 0.000589 0.000544 0.000444 0.000273 
0.000329 0.000544 0.000672 0.000731 0.000731 0.000672 0.000544 0.000329 
0.000354 0.000589 0.000731 0.000798 0.000798 0.000731 0.000589 0.000354 
----------------------------------------------------------
Error en iteración 41: 2.09218e-05
0.000174 0.000274 0.000330 0.000356 0.000356 0.000330 0.000274 0.000174 
0.000274 0.000446 0.000546 0.000592 0.000592 0.000546 0.000446 0.000274 
0.000330 0.000546 0.000675 0.000735 0.000735 0.000675 0.000546 0.000330 
0.000356 0.000592 0.000735 0.000802 0.000802 0.000735 0.000592 0.000356 
----------------------------------------------------------
Error en iteración 42: 1.96601e-05
0.000175 0.000275 0.000331 0.000357 0.000357 0.000331 0.000275 0.000175 
0.000275 0.000448 0.000548 0.000595 0.000595 0.000548 0.000448 0.000275 
0.000331 0.000548 0.000678 0.000738 0.000738 0.000678 0.000548 0.000331 
0.000357 0.000595 0.000738 0.000806 0.000806 0.000738 0.000595 0.000357 
----------------------------------------------------------
Error en iteración 43: 1.84744e-05
0.000175 0.000276 0.000333 0.000358 0.000358 0.000333 0.000276 0.000175 
0.000276 0.000449 0.000550 0.000597 0.000597 0.000550 0.000449 0.000276 
0.000333 0.000550 0.000681 0.000742 0.000742 0.000681 0.000550 0.000333 
0.000358 0.000597 0.000742 0.000810 0.000810 0.000742 0.000597 0.000358 
----------------------------------------------------------
Error en iteración 44: 1.73603e-05
0.000175 0.000277 0.000334 0.000359 0.000359 0.000334 0.000277 0.000175 
0.000277 0.000451 0.000552 0.000599 0.000599 0.000552 0.000451 0.000277 
0.000334 0.000552 0.000684 0.000745 0.000745 0.000684 0.000552 0.000334 
0.000359 0.000599 0.000745 0.000813 0.000813 0.000745 0.000599 0.000359 
----------------------------------------------------------
Error en iteración 45: 1.63133e-05
0.000176 0.000277 0.000335 0.000361 0.000361 0.000335 0.000277 0.000176 
0.000277 0.000452 0.000554 0.000602 0.000602 0.000554 0.000452 0.000277 
0.000335 0.000554 0.000686 0.000748 0.000748 0.000686 0.000554 0.000335 
0.000361 0.000602 0.000748 0.000817 0.000817 0.000748 0.000602 0.000361 
----------------------------------------------------------
Error en iteración 46: 1.53295e-05
0.000176 0.000278 0.000336 0.000362 0.000362 0.000336 0.000278 0.000176 
0.000278 0.000453 0.000556 0.000604 0.000604 0.000556 0.000453 0.000278 
0.000336 0.000556 0.000689 0.000750 0.000750 0.000689 0.000556 0.000336 
0.000362 0.000604 0.000750 0.000820 0.000820 0.000750 0.000604 0.000362 
----------------------------------------------------------
Error en iteración 47: 1.4405e-05
0.000177 0.000279 0.000336 0.000363 0.000363 0.000336 0.000279 0.000177 
0.000279 0.000455 0.000558 0.000605 0.000605 0.000558 0.000455 0.000279 
0.000336 0.000558 0.000691 0.000753 0.000753 0.000691 0.000558 0.000336 
0.000363 0.000605 0.000753 0.000823 0.000823 0.000753 0.000605 0.000363 
----------------------------------------------------------
Error en iteración 48: 1.35363e-05
0.000177 0.000279 0.000337 0.000364 0.000364 0.000337 0.000279 0.000177 
0.000279 0.000456 0.000559 0.000607 0.000607 0.000559 0.000456 0.000279 
0.000337 0.000559 0.000693 0.000755 0.000755 0.000693 0.000559 0.000337 
0.000364 0.000607 0.000755 0.000825 0.000825 0.000755 0.000607 0.000364 
----------------------------------------------------------
Error en iteración 49: 1.272e-05
0.000177 0.000280 0.000338 0.000365 0.000365 0.000338 0.000280 0.000177 
0.000280 0.000457 0.000561 0.000609 0.000609 0.000561 0.000457 0.000280 
0.000338 0.000561 0.000695 0.000758 0.000758 0.000695 0.000561 0.000338 
0.000365 0.000609 0.000758 0.000828 0.000828 0.000758 0.000609 0.000365 
----------------------------------------------------------
Error en iteración 50: 1.19529e-05
0.000177 0.000281 0.000339 0.000365 0.000365 0.000339 0.000281 0.000177 
0.000281 0.000458 0.000562 0.000611 0.000611 0.000562 0.000458 0.000281 
0.000339 0.000562 0.000697 0.000760 0.000760 0.000697 0.000562 0.000339 
0.000365 0.000611 0.000760 0.000830 0.000830 0.000760 0.000611 0.000365 
----------------------------------------------------------
Error en iteración 51: 1.1232e-05
0.000178 0.000281 0.000340 0.000366 0.000366 0.000340 0.000281 0.000178 
0.000281 0.000459 0.000564 0.000612 0.000612 0.000564 0.000459 0.000281 
0.000340 0.000564 0.000699 0.000762 0.000762 0.000699 0.000564 0.000340 
0.000366 0.000612 0.000762 0.000833 0.000833 0.000762 0.000612 0.000366 
----------------------------------------------------------
Error en iteración 52: 1.05546e-05
0.000178 0.000282 0.000340 0.000367 0.000367 0.000340 0.000282 0.000178 
0.000282 0.000460 0.000565 0.000613 0.000613 0.000565 0.000460 0.000282 
0.000340 0.000565 0.000700 0.000764 0.000764 0.000700 0.000565 0.000340 
0.000367 0.000613 0.000764 0.000835 0.000835 0.000764 0.000613 0.000367 
----------------------------------------------------------
Error en iteración 53: 9.91812e-06
0.000178 0.000282 0.000341 0.000368 0.000368 0.000341 0.000282 0.000178 
0.000282 0.000461 0.000566 0.000615 0.000615 0.000566 0.000461 0.000282 
0.000341 0.000566 0.000702 0.000766 0.000766 0.000702 0.000566 0.000341 
0.000368 0.000615 0.000766 0.000837 0.000837 0.000766 0.000615 0.000368 
----------------------------------------------------------
Error en iteración 54: 9.31999e-06
0.000179 0.000282 0.000341 0.000368 0.000368 0.000341 0.000282 0.000179 
0.000282 0.000461 0.000567 0.000616 0.000616 0.000567 0.000461 0.000282 
0.000341 0.000567 0.000703 0.000767 0.000767 0.000703 0.000567 0.000341 
0.000368 0.000616 0.000767 0.000839 0.000839 0.000767 0.000616 0.000368 
----------------------------------------------------------
Error en iteración 55: 8.75792e-06
0.000179 0.000283 0.000342 0.000369 0.000369 0.000342 0.000283 0.000179 
0.000283 0.000462 0.000568 0.000617 0.000617 0.000568 0.000462 0.000283 
0.000342 0.000568 0.000705 0.000769 0.000769 0.000705 0.000568 0.000342 
0.000369 0.000617 0.000769 0.000840 0.000840 0.000769 0.000617 0.000369 
----------------------------------------------------------
Error en iteración 56: 8.22976e-06
0.000179 0.000283 0.000342 0.000369 0.000369 0.000342 0.000283 0.000179 
0.000283 0.000463 0.000569 0.000618 0.000618 0.000569 0.000463 0.000283 
0.000342 0.000569 0.000706 0.000770 0.000770 0.000706 0.000569 0.000342 
0.000369 0.000618 0.000770 0.000842 0.000842 0.000770 0.000618 0.000369 
----------------------------------------------------------
Error en iteración 57: 7.73344e-06
0.000179 0.000284 0.000343 0.000370 0.000370 0.000343 0.000284 0.000179 
0.000284 0.000464 0.000570 0.000619 0.000619 0.000570 0.000464 0.000284 
0.000343 0.000570 0.000707 0.000772 0.000772 0.000707 0.000570 0.000343 
0.000370 0.000619 0.000772 0.000844 0.000844 0.000772 0.000619 0.000370 
----------------------------------------------------------
Error en iteración 58: 7.26706e-06
0.000179 0.000284 0.000343 0.000371 0.000371 0.000343 0.000284 0.000179 
0.000284 0.000464 0.000571 0.000620 0.000620 0.000571 0.000464 0.000284 
0.000343 0.000571 0.000708 0.000773 0.000773 0.000708 0.000571 0.000343 
0.000371 0.000620 0.000773 0.000845 0.000845 0.000773 0.000620 0.000371 
----------------------------------------------------------
Error en iteración 59: 6.8288e-06
0.000179 0.000284 0.000344 0.000371 0.000371 0.000344 0.000284 0.000179 
0.000284 0.000465 0.000571 0.000621 0.000621 0.000571 0.000465 0.000284 
0.000344 0.000571 0.000709 0.000774 0.000774 0.000709 0.000571 0.000344 
0.000371 0.000621 0.000774 0.000846 0.000846 0.000774 0.000621 0.000371 
----------------------------------------------------------
Error en iteración 60: 6.41697e-06
0.000180 0.000285 0.000344 0.000371 0.000371 0.000344 0.000285 0.000180 
0.000285 0.000465 0.000572 0.000622 0.000622 0.000572 0.000465 0.000285 
0.000344 0.000572 0.000710 0.000775 0.000775 0.000710 0.000572 0.000344 
0.000371 0.000622 0.000775 0.000848 0.000848 0.000775 0.000622 0.000371 
----------------------------------------------------------
Error en iteración 61: 6.02998e-06
0.000180 0.000285 0.000345 0.000372 0.000372 0.000345 0.000285 0.000180 
0.000285 0.000466 0.000573 0.000623 0.000623 0.000573 0.000466 0.000285 
0.000345 0.000573 0.000711 0.000776 0.000776 0.000711 0.000573 0.000345 
0.000372 0.000623 0.000776 0.000849 0.000849 0.000776 0.000623 0.000372 
----------------------------------------------------------
Error en iteración 62: 5.66633e-06
0.000180 0.000285 0.000345 0.000372 0.000372 0.000345 0.000285 0.000180 
0.000285 0.000466 0.000574 0.000623 0.000623 0.000574 0.000466 0.000285 
0.000345 0.000574 0.000712 0.000777 0.000777 0.000712 0.000574 0.000345 
0.000372 0.000623 0.000777 0.000850 0.000850 0.000777 0.000623 0.000372 
----------------------------------------------------------
Error en iteración 63: 5.32461e-06
0.000180 0.000285 0.000345 0.000373 0.000373 0.000345 0.000285 0.000180 
0.000285 0.000467 0.000574 0.000624 0.000624 0.000574 0.000467 0.000285 
0.000345 0.000574 0.000713 0.000778 0.000778 0.000713 0.000574 0.000345 
0.000373 0.000624 0.000778 0.000851 0.000851 0.000778 0.000624 0.000373 
----------------------------------------------------------
Error en iteración 64: 5.00349e-06
0.000180 0.000286 0.000346 0.000373 0.000373 0.000346 0.000286 0.000180 
0.000286 0.000467 0.000575 0.000625 0.000625 0.000575 0.000467 0.000286 
0.000346 0.000575 0.000714 0.000779 0.000779 0.000714 0.000575 0.000346 
0.000373 0.000625 0.000779 0.000852 0.000852 0.000779 0.000625 0.000373 
----------------------------------------------------------
Error en iteración 65: 4.70175e-06
0.000180 0.000286 0.000346 0.000373 0.000373 0.000346 0.000286 0.000180 
0.000286 0.000468 0.000575 0.000625 0.000625 0.000575 0.000468 0.000286 
0.000346 0.000575 0.000714 0.000780 0.000780 0.000714 0.000575 0.000346 
0.000373 0.000625 0.000780 0.000853 0.000853 0.000780 0.000625 0.000373 
----------------------------------------------------------
Error en iteración 66: 4.4182e-06
0.000180 0.000286 0.000346 0.000374 0.000374 0.000346 0.000286 0.000180 
0.000286 0.000468 0.000576 0.000626 0.000626 0.000576 0.000468 0.000286 
0.000346 0.000576 0.000715 0.000781 0.000781 0.000715 0.000576 0.000346 
0.000374 0.000626 0.000781 0.000854 0.000854 0.000781 0.000626 0.000374 
----------------------------------------------------------
Error en iteración 67: 4.15175e-06
0.000180 0.000286 0.000346 0.000374 0.000374 0.000346 0.000286 0.000180 
0.000286 0.000468 0.000576 0.000627 0.000627 0.000576 0.000468 0.000286 
0.000346 0.000576 0.000716 0.000782 0.000782 0.000716 0.000576 0.000346 
0.000374 0.000627 0.000782 0.000855 0.000855 0.000782 0.000627 0.000374 
----------------------------------------------------------
Error en iteración 68: 3.90137e-06
0.000181 0.000286 0.000347 0.000374 0.000374 0.000347 0.000286 0.000181 
0.000286 0.000469 0.000577 0.000627 0.000627 0.000577 0.000469 0.000286 
0.000347 0.000577 0.000716 0.000782 0.000782 0.000716 0.000577 0.000347 
0.000374 0.000627 0.000782 0.000856 0.000856 0.000782 0.000627 0.000374 
----------------------------------------------------------
Error en iteración 69: 3.66609e-06
0.000181 0.000286 0.000347 0.000374 0.000374 0.000347 0.000286 0.000181 
0.000286 0.000469 0.000577 0.000628 0.000628 0.000577 0.000469 0.000286 
0.000347 0.000577 0.000717 0.000783 0.000783 0.000717 0.000577 0.000347 
0.000374 0.000628 0.000783 0.000856 0.000856 0.000783 0.000628 0.000374 
----------------------------------------------------------
Error en iteración 70: 3.44499e-06
0.000181 0.000287 0.000347 0.000375 0.000375 0.000347 0.000287 0.000181 
0.000287 0.000469 0.000578 0.000628 0.000628 0.000578 0.000469 0.000287 
0.000347 0.000578 0.000718 0.000783 0.000783 0.000718 0.000578 0.000347 
0.000375 0.000628 0.000783 0.000857 0.000857 0.000783 0.000628 0.000375 
----------------------------------------------------------
Error en iteración 71: 3.23723e-06
0.000181 0.000287 0.000347 0.000375 0.000375 0.000347 0.000287 0.000181 
0.000287 0.000470 0.000578 0.000628 0.000628 0.000578 0.000470 0.000287 
0.000347 0.000578 0.000718 0.000784 0.000784 0.000718 0.000578 0.000347 
0.000375 0.000628 0.000784 0.000858 0.000858 0.000784 0.000628 0.000375 
----------------------------------------------------------
Error en iteración 72: 3.04201e-06
0.000181 0.000287 0.000347 0.000375 0.000375 0.000347 0.000287 0.000181 
0.000287 0.000470 0.000578 0.000629 0.000629 0.000578 0.000470 0.000287 
0.000347 0.000578 0.000719 0.000785 0.000785 0.000719 0.000578 0.000347 
0.000375 0.000629 0.000785 0.000858 0.000858 0.000785 0.000629 0.000375 
----------------------------------------------------------
Error en iteración 73: 2.85855e-06
0.000181 0.000287 0.000348 0.000375 0.000375 0.000348 0.000287 0.000181 
0.000287 0.000470 0.000579 0.000629 0.000629 0.000579 0.000470 0.000287 
0.000348 0.000579 0.000719 0.000785 0.000785 0.000719 0.000579 0.000348 
0.000375 0.000629 0.000785 0.000859 0.000859 0.000785 0.000629 0.000375 
----------------------------------------------------------
Error en iteración 74: 2.68616e-06
0.000181 0.000287 0.000348 0.000376 0.000376 0.000348 0.000287 0.000181 
0.000287 0.000470 0.000579 0.000630 0.000630 0.000579 0.000470 0.000287 
0.000348 0.000579 0.000719 0.000786 0.000786 0.000719 0.000579 0.000348 
0.000376 0.000630 0.000786 0.000860 0.000860 0.000786 0.000630 0.000376 
----------------------------------------------------------
Error en iteración 75: 2.52416e-06
0.000181 0.000287 0.000348 0.000376 0.000376 0.000348 0.000287 0.000181 
0.000287 0.000471 0.000579 0.000630 0.000630 0.000579 0.000471 0.000287 
0.000348 0.000579 0.000720 0.000786 0.000786 0.000720 0.000579 0.000348 
0.000376 0.000630 0.000786 0.000860 0.000860 0.000786 0.000630 0.000376 
----------------------------------------------------------
Error en iteración 76: 2.37194e-06
0.000181 0.000287 0.000348 0.000376 0.000376 0.000348 0.000287 0.000181 
0.000287 0.000471 0.000580 0.000630 0.000630 0.000580 0.000471 0.000287 
0.000348 0.000580 0.000720 0.000786 0.000786 0.000720 0.000580 0.000348 
0.000376 0.000630 0.000786 0.000861 0.000861 0.000786 0.000630 0.000376 
----------------------------------------------------------
Error en iteración 77: 2.22889e-06
0.000181 0.000288 0.000348 0.000376 0.000376 0.000348 0.000288 0.000181 
0.000288 0.000471 0.000580 0.000631 0.000631 0.000580 0.000471 0.000288 
0.000348 0.000580 0.000721 0.000787 0.000787 0.000721 0.000580 0.000348 
0.000376 0.000631 0.000787 0.000861 0.000861 0.000787 0.000631 0.000376 
----------------------------------------------------------
Error en iteración 78: 2.09447e-06
0.000181 0.000288 0.000348 0.000376 0.000376 0.000348 0.000288 0.000181 
0.000288 0.000471 0.000580 0.000631 0.000631 0.000580 0.000471 0.000288 
0.000348 0.000580 0.000721 0.000787 0.000787 0.000721 0.000580 0.000348 
0.000376 0.000631 0.000787 0.000861 0.000861 0.000787 0.000631 0.000376 
----------------------------------------------------------
Error en iteración 79: 1.96816e-06
0.000181 0.000288 0.000348 0.000376 0.000376 0.000348 0.000288 0.000181 
0.000288 0.000471 0.000580 0.000631 0.000631 0.000580 0.000471 0.000288 
0.000348 0.000580 0.000721 0.000788 0.000788 0.000721 0.000580 0.000348 
0.000376 0.000631 0.000788 0.000862 0.000862 0.000788 0.000631 0.000376 
----------------------------------------------------------
Error en iteración 80: 1.84947e-06
0.000181 0.000288 0.000349 0.000376 0.000376 0.000349 0.000288 0.000181 
0.000288 0.000471 0.000581 0.000631 0.000631 0.000581 0.000471 0.000288 
0.000349 0.000581 0.000721 0.000788 0.000788 0.000721 0.000581 0.000349 
0.000376 0.000631 0.000788 0.000862 0.000862 0.000788 0.000631 0.000376 
----------------------------------------------------------
Error en iteración 81: 1.73793e-06
0.000181 0.000288 0.000349 0.000377 0.000377 0.000349 0.000288 0.000181 
0.000288 0.000472 0.000581 0.000632 0.000632 0.000581 0.000472 0.000288 
0.000349 0.000581 0.000722 0.000788 0.000788 0.000722 0.000581 0.000349 
0.000377 0.000632 0.000788 0.000863 0.000863 0.000788 0.000632 0.000377 
----------------------------------------------------------
Error en iteración 82: 1.63312e-06
0.000181 0.000288 0.000349 0.000377 0.000377 0.000349 0.000288 0.000181 
0.000288 0.000472 0.000581 0.000632 0.000632 0.000581 0.000472 0.000288 
0.000349 0.000581 0.000722 0.000789 0.000789 0.000722 0.000581 0.000349 
0.000377 0.000632 0.000789 0.000863 0.000863 0.000789 0.000632 0.000377 
----------------------------------------------------------
Error en iteración 83: 1.53463e-06
0.000181 0.000288 0.000349 0.000377 0.000377 0.000349 0.000288 0.000181 
0.000288 0.000472 0.000581 0.000632 0.000632 0.000581 0.000472 0.000288 
0.000349 0.000581 0.000722 0.000789 0.000789 0.000722 0.000581 0.000349 
0.000377 0.000632 0.000789 0.000863 0.000863 0.000789 0.000632 0.000377 
----------------------------------------------------------
Error en iteración 84: 1.44208e-06
0.000181 0.000288 0.000349 0.000377 0.000377 0.000349 0.000288 0.000181 
0.000288 0.000472 0.000581 0.000632 0.000632 0.000581 0.000472 0.000288 
0.000349 0.000581 0.000722 0.000789 0.000789 0.000722 0.000581 0.000349 
0.000377 0.000632 0.000789 0.000863 0.000863 0.000789 0.000632 0.000377 
----------------------------------------------------------
Error en iteración 85: 1.35511e-06
0.000182 0.000288 0.000349 0.000377 0.000377 0.000349 0.000288 0.000182 
0.000288 0.000472 0.000581 0.000632 0.000632 0.000581 0.000472 0.000288 
0.000349 0.000581 0.000723 0.000789 0.000789 0.000723 0.000581 0.000349 
0.000377 0.000632 0.000789 0.000864 0.000864 0.000789 0.000632 0.000377 
----------------------------------------------------------
Error en iteración 86: 1.27339e-06
0.000182 0.000288 0.000349 0.000377 0.000377 0.000349 0.000288 0.000182 
0.000288 0.000472 0.000582 0.000633 0.000633 0.000582 0.000472 0.000288 
0.000349 0.000582 0.000723 0.000790 0.000790 0.000723 0.000582 0.000349 
0.000377 0.000633 0.000790 0.000864 0.000864 0.000790 0.000633 0.000377 
----------------------------------------------------------
Error en iteración 87: 1.1966e-06
0.000182 0.000288 0.000349 0.000377 0.000377 0.000349 0.000288 0.000182 
0.000288 0.000472 0.000582 0.000633 0.000633 0.000582 0.000472 0.000288 
0.000349 0.000582 0.000723 0.000790 0.000790 0.000723 0.000582 0.000349 
0.000377 0.000633 0.000790 0.000864 0.000864 0.000790 0.000633 0.000377 
----------------------------------------------------------
Error en iteración 88: 1.12443e-06
0.000182 0.000288 0.000349 0.000377 0.000377 0.000349 0.000288 0.000182 
0.000288 0.000472 0.000582 0.000633 0.000633 0.000582 0.000472 0.000288 
0.000349 0.000582 0.000723 0.000790 0.000790 0.000723 0.000582 0.000349 
0.000377 0.000633 0.000790 0.000864 0.000864 0.000790 0.000633 0.000377 
----------------------------------------------------------
Error en iteración 89: 1.05662e-06
0.000182 0.000288 0.000349 0.000377 0.000377 0.000349 0.000288 0.000182 
0.000288 0.000473 0.000582 0.000633 0.000633 0.000582 0.000473 0.000288 
0.000349 0.000582 0.000723 0.000790 0.000790 0.000723 0.000582 0.000349 
0.000377 0.000633 0.000790 0.000865 0.000865 0.000790 0.000633 0.000377 
----------------------------------------------------------
Error en iteración 90: 9.92898e-07
Solution process 0: 
0.000181646 0.00028834 0.000349342 0.000377338 0.000377338 0.000349342 0.00028834 0.000181646 
0.00028834 0.000472553 0.000581937 0.000632951 0.000632951 0.000581937 0.000472553 0.00028834 
0.000349342 0.000581937 0.000723365 0.000790103 0.000790103 0.000723365 0.000581937 0.000349342 
0.000377338 0.000632951 0.000790103 0.000864701 0.000864701 0.000790103 0.000632951 0.000377338 
0.000377338 0.000632951 0.000790103 0.000864701 0.000864701 0.000790103 0.000632951 0.000377338 
0.000349342 0.000581937 0.000723365 0.000790103 0.000790103 0.000723365 0.000581937 0.000349342 
0.00028834 0.000472553 0.000581937 0.000632951 0.000632951 0.000581937 0.000472553 0.00028834 
0.000181646 0.00028834 0.000349342 0.000377338 0.000377338 0.000349342 0.00028834 0.000181646 
N_LOCAL: 4