Error en iteración 0: 0.0003
Error en iteración 1: 0.000266488
Error en iteración 2: 0.00024438
Error en iteración 3: 0.0002266
Error en iteración 4: 0.000211298
Error en iteración 5: 0.000197659
Error en iteración 6: 0.000185245
Error en iteración 7: 0.0001738
Error en iteración 8: 0.000163169
Error en iteración 9: 0.000153245
Error en iteración 10: 0.000143958
Error en iteración 11: 0.000135251
Error en iteración 12: 0.00012708
Error en iteración 13: 0.000119409
Error en iteración 14: 0.000112203
Error en iteración 15: 0.000105434
Error en iteración 16: 9.90746e-05
Error en iteración 17: 9.3099e-05
Error en iteración 18: 8.7484e-05
Error en iteración 19: 8.22079e-05
Error en iteración 20: 7.725e-05
Error en iteración 21: 7.25912e-05
Error en iteración 22: 6.82134e-05
Error en iteración 23: 6.40996e-05
Error en iteración 24: 6.02339e-05
Error en iteración 25: 5.66013e-05
Error en iteración 26: 5.31879e-05
Error en iteración 27: 4.99802e-05
Error en iteración 28: 4.69661e-05
Error en iteración 29: 4.41337e-05
Error en iteración 30: 4.14721e-05
Error en iteración 31: 3.8971e-05
Error en iteración 32: 3.66208e-05
Error en iteración 33: 3.44123e-05
Error en iteración 34: 3.23369e-05
Error en iteración 35: 3.03868e-05
Error en iteración 36: 2.85542e-05
Error en iteración 37: 2.68322e-05
Error en iteración 38: 2.5214e-05
Error en iteración 39: 2.36934e-05
Error en iteración 40: 2.22645e-05
Error en iteración 41: 2.09218e-05
Error en iteración 42: 1.96601e-05
Error en iteración 43: 1.84744e-05
Error en iteración 44: 1.73603e-05
Error en iteración 45: 1.63133e-05
Error en iteración 46: 1.53295e-05
Error en iteración 47: 1.4405e-05
Error en iteración 48: 1.35363e-05
Error en iteración 49: 1.272e-05
Error en iteración 50: 1.19529e-05
Error en iteración 51: 1.1232e-05
Error en iteración 52: 1.05546e-05
Error en iteración 53: 9.91812e-06
Error en iteración 54: 9.31999e-06
Error en iteración 55: 8.75792e-06
Error en iteración 56: 8.22976e-06
Error en iteración 57: 7.73344e-06
Error en iteración 58: 7.26706e-06
Error en iteración 59: 6.8288e-06
Error en iteración 60: 6.41697e-06
Error en iteración 61: 6.02998e-06
Error en iteración 62: 5.66633e-06
Error en iteración 63: 5.32461e-06
Error en iteración 64: 5.00349e-06
Error en iteración 65: 4.70175e-06
Error en iteración 66: 4.4182e-06
Error en iteración 67: 4.15175e-06
Error en iteración 68: 3.90137e-06
Error en iteración 69: 3.66609e-06
Error en iteración 70: 3.44499e-06
Error en iteración 71: 3.23723e-06
Error en iteración 72: 3.04201e-06
Error en iteración 73: 2.85855e-06
Error en iteración 74: 2.68616e-06
Error en iteración 75: 2.52416e-06
Error en iteración 76: 2.37194e-06
Error en iteración 77: 2.22889e-06
Error en iteración 78: 2.09447e-06
Error en iteración 79: 1.96816e-06
Error en iteración 80: 1.84947e-06
Error en iteración 81: 1.73793e-06
Error en iteración 82: 1.63312e-06
Error en iteración 83: 1.53463e-06
Error en iteración 84: 1.44208e-06
Error en iteración 85: 1.35511e-06
Error en iteración 86: 1.27339e-06
Error en iteración 87: 1.1966e-06
Error en iteración 88: 1.12443e-06
Error en iteración 89: 1.05662e-06
Error en iteración 90: 9.92898e-07
    0.000181646      0.00028834     0.000349342     0.000377338     0.000377338     0.000349342      0.00028834     0.000181646 
     0.00028834     0.000472553     0.000581937     0.000632951     0.000632951     0.000581937     0.000472553      0.00028834 
    0.000349342     0.000581937     0.000723365     0.000790103     0.000790103     0.000723365     0.000581937     0.000349342 
    0.000377338     0.000632951     0.000790103     0.000864701     0.000864701     0.000790103     0.000632951     0.000377338 
    0.000377338     0.000632951     0.000790103     0.000864701     0.000864701     0.000790103     0.000632951     0.000377338 
    0.000349342     0.000581937     0.000723365     0.000790103     0.000790103     0.000723365     0.000581937     0.000349342 
     0.00028834     0.000472553     0.000581937     0.000632951     0.000632951     0.000581937     0.000472553      0.00028834 
    0.000181646      0.00028834     0.000349342     0.000377338     0.000377338     0.000349342      0.00028834     0.000181646 
